PDE  2016  6 13 18 31 31.00  33.6000 -118.4000  15.0 5.8 5.8 Test
event name:  Test
time shift:       0.0000
half duration:    0.0000
latorUTM:        33.6000
longorUTM:     -118.4000
depth:           15.0000
Mrr:       1.000000e+23
Mtt:       1.000000e+23
Mpp:       1.000000e+23
Mrt:       0.000000e+00
Mrp:       0.000000e+00
Mtp:       0.000000e+00