PDE  2016 10 18 22  8 13.00 200000.0000 200000.0000  50.0 5.0 5.0 eK2
event name:  eK2
time shift:       0.0000
half duration:    0.0000
latorUTM:      200000.0000
longorUTM:     200000.0000
depth:           50.0000
Mrr:       0.000000e+00
Mtt:       1.000000e+23
Mpp:       0.000000e+00
Mrt:       0.000000e+00
Mrp:       0.000000e+00
Mtp:       0.000000e+00