PDE  2016 10 18 22  8 13.00 200000.0000 220000.0000  50.0 5.0 5.0 eK2
event name:  eK2
time shift:       0.0000
half duration:    0.0000
latorUTM:      200000.0000
longorUTM:     220000.0000
depth:           50.0000
Mrr:       0.000000e+00
Mtt:       0.000000e+00
Mpp:       0.000000e+00
Mrt:      -1.936337e+07
Mrp:       0.000000e+00
Mtp:      -3.162278e+23