PDE 2013 2 16 21 16 9.29 41.71430 13.56970 17.10000 4.8 4.8 2013-02-16T21:16:09.290000Z_4.8
event name:      0000000
time shift:       0.0000
half duration:    0.0000
latitude:       41.71430
longitude:      13.56970
depth:         17.10000
Mrr:         -1.56684e+23
Mtt:         8.0754e+21
Mpp:         1.48609e+23
Mrt:         1.8554e+22
Mrp:         -3.6712e+21
Mtp:         -7.94893e+22