Velocity model limits

Coordinate system = UTM 33 (meters)

y_min                    = 4551257.50051
y_max                    = 4751257.50051
x_min                    = 255066.763887
x_max                    = 455066.763887
z_min                    = -32000.0
z_max                    = 2717.0